[0, 1]
[0, 1, 2, 3]
[0, 1, 2, 3, 4, 5]
[0, 1, 2, 3, 4, 5, 6]
[0, 1, 2, 3, 4, 5, 6, 7, 8]
[0, 1, 2, 3, 4, 5, 6, 7, 8, 9, 10]
[0, 1, 2, 3, 4, 5, 6, 7, 8, 9, 10, 11, 12]
[0, 1, 2, 3, 4, 5, 6, 7, 8, 9, 10, 11, 12, 13, 14]
[0, 1, 2, 3, 4, 5, 6, 7, 8, 9, 10, 11, 12, 13, 14, 15]
[0, 1, 2, 3, 4, 5, 6, 7, 8, 9, 10, 11, 12, 13, 14, 15, 16, 17]
[0, 1, 2, 3, 4, 5, 6, 7, 8, 9, 10, 11, 12, 13, 14, 15, 16, 17, 18, 19]
[0, 1, 2, 3, 4, 5, 6, 7, 8, 9, 10, 11, 12, 13, 14, 15, 16, 17, 18, 19, 32, 20]
[0, 1, 2, 3, 4, 5, 6, 7, 8, 9, 10, 11, 12, 13, 14, 15, 16, 17, 18, 19, 32, 20, 33, 21, 34]
[0, 1, 2, 3, 4, 5, 6, 7, 8, 9, 10, 11, 12, 13, 14, 15, 16, 17, 18, 19, 32, 20, 33, 21, 34, 22, 35, 23]
[0, 1, 2, 3, 4, 5, 6, 7, 8, 9, 10, 11, 12, 13, 14, 15, 16, 17, 18, 19, 32, 20, 33, 21, 34, 22, 35, 23, 36, 24]
[0, 1, 2, 3, 4, 5, 6, 7, 8, 9, 10, 11, 12, 13, 14, 15, 16, 17, 18, 19, 32, 20, 33, 21, 34, 22, 35, 23, 36, 24, 37, 25, 26]
[0, 1, 2, 3, 4, 5, 6, 7, 8, 9, 10, 11, 12, 13, 14, 15, 16, 17, 18, 19, 32, 20, 33, 21, 34, 22, 35, 23, 36, 24, 37, 25, 26, 38, 27]
[0, 1, 2, 3, 4, 5, 6, 7, 8, 9, 10, 11, 12, 13, 14, 15, 16, 17, 18, 19, 32, 20, 33, 21, 34, 22, 35, 23, 36, 24, 37, 25, 26, 38, 27, 39, 28]
[0, 1, 2, 3, 4, 5, 6, 7, 8, 9, 10, 11, 12, 13, 14, 15, 16, 17, 18, 19, 32, 20, 33, 21, 34, 22, 35, 23, 36, 24, 37, 25, 26, 38, 27, 39, 28, 29, 40, 30]
[0, 1, 2, 3, 4, 5, 6, 7, 8, 9, 10, 11, 12, 13, 14, 15, 16, 17, 18, 19, 32, 20, 33, 21, 34, 22, 35, 23, 36, 24, 37, 25, 26, 38, 27, 39, 28, 29, 40, 30, 41, 31]
[0, 1, 2, 3, 4, 5, 6, 7, 8, 9, 10, 11, 12, 13, 14, 15, 16, 17, 18, 19, 32, 20, 33, 21, 34, 22, 35, 23, 36, 24, 37, 25, 26, 38, 27, 39, 28, 29, 40, 30, 41, 31, 42]
[0, 1, 2, 3, 4, 5, 6, 7, 8, 9, 10, 11, 12, 13, 14, 15, 16, 17, 18, 19, 32, 20, 33, 21, 34, 22, 35, 23, 36, 24, 37, 25, 26, 38, 27, 39, 28, 29, 40, 30, 41, 31, 42, 43, 44]
[0, 1, 2, 3, 4, 5, 6, 7, 8, 9, 10, 11, 12, 13, 14, 15, 16, 17, 18, 19, 32, 20, 33, 21, 34, 22, 35, 23, 36, 24, 37, 25, 26, 38, 27, 39, 28, 29, 40, 30, 41, 31, 42, 43, 44, 45]
[0, 1, 2, 3, 4, 5, 6, 7, 8, 9, 10, 11, 12, 13, 14, 15, 16, 17, 18, 19, 32, 20, 33, 21, 34, 22, 35, 23, 36, 24, 37, 25, 26, 38, 27, 39, 28, 29, 40, 30, 41, 31, 42, 43, 44, 45, 46]
[0, 1, 2, 3, 4, 5, 6, 7, 8, 9, 10, 11, 12, 13, 14, 15, 16, 17, 18, 19, 32, 20, 33, 21, 34, 22, 35, 23, 36, 24, 37, 25, 26, 38, 27, 39, 28, 29, 40, 30, 41, 31, 42, 43, 44, 45, 46, 47, 48]
[0, 1, 2, 3, 4, 5, 6, 7, 8, 9, 10, 11, 12, 13, 14, 15, 16, 17, 18, 19, 32, 20, 33, 21, 34, 22, 35, 23, 36, 24, 37, 25, 26, 38, 27, 39, 28, 29, 40, 30, 41, 31, 42, 43, 44, 45, 46, 47, 48, 64, 49, 50]
[0, 1, 2, 3, 4, 5, 6, 7, 8, 9, 10, 11, 12, 13, 14, 15, 16, 17, 18, 19, 32, 20, 33, 21, 34, 22, 35, 23, 36, 24, 37, 25, 26, 38, 27, 39, 28, 29, 40, 30, 41, 31, 42, 43, 44, 45, 46, 47, 48, 64, 49, 50, 65, 51]
[0, 1, 2, 3, 4, 5, 6, 7, 8, 9, 10, 11, 12, 13, 14, 15, 16, 17, 18, 19, 32, 20, 33, 21, 34, 22, 35, 23, 36, 24, 37, 25, 26, 38, 27, 39, 28, 29, 40, 30, 41, 31, 42, 43, 44, 45, 46, 47, 48, 64, 49, 50, 65, 51, 66, 52, 67, 53]
[0, 1, 2, 3, 4, 5, 6, 7, 8, 9, 10, 11, 12, 13, 14, 15, 16, 17, 18, 19, 32, 20, 33, 21, 34, 22, 35, 23, 36, 24, 37, 25, 26, 38, 27, 39, 28, 29, 40, 30, 41, 31, 42, 43, 44, 45, 46, 47, 48, 64, 49, 50, 65, 51, 66, 52, 67, 53, 54, 68]
[0, 1, 2, 3, 4, 5, 6, 7, 8, 9, 10, 11, 12, 13, 14, 15, 16, 17, 18, 19, 32, 20, 33, 21, 34, 22, 35, 23, 36, 24, 37, 25, 26, 38, 27, 39, 28, 29, 40, 30, 41, 31, 42, 43, 44, 45, 46, 47, 48, 64, 49, 50, 65, 51, 66, 52, 67, 53, 54, 68, 69, 55]
[0, 1, 2, 3, 4, 5, 6, 7, 8, 9, 10, 11, 12, 13, 14, 15, 16, 17, 18, 19, 32, 20, 33, 21, 34, 22, 35, 23, 36, 24, 37, 25, 26, 38, 27, 39, 28, 29, 40, 30, 41, 31, 42, 43, 44, 45, 46, 47, 48, 64, 49, 50, 65, 51, 66, 52, 67, 53, 54, 68, 69, 55, 56, 70]
[0, 1, 2, 3, 4, 5, 6, 7, 8, 9, 10, 11, 12, 13, 14, 15, 16, 17, 18, 19, 32, 20, 33, 21, 34, 22, 35, 23, 36, 24, 37, 25, 26, 38, 27, 39, 28, 29, 40, 30, 41, 31, 42, 43, 44, 45, 46, 47, 48, 64, 49, 50, 65, 51, 66, 52, 67, 53, 54, 68, 69, 55, 56, 70, 57, 58]
[0, 1, 2, 3, 4, 5, 6, 7, 8, 9, 10, 11, 12, 13, 14, 15, 16, 17, 18, 19, 32, 20, 33, 21, 34, 22, 35, 23, 36, 24, 37, 25, 26, 38, 27, 39, 28, 29, 40, 30, 41, 31, 42, 43, 44, 45, 46, 47, 48, 64, 49, 50, 65, 51, 66, 52, 67, 53, 54, 68, 69, 55, 56, 70, 57, 58, 59, 60, 71]
[0, 1, 2, 3, 4, 5, 6, 7, 8, 9, 10, 11, 12, 13, 14, 15, 16, 17, 18, 19, 32, 20, 33, 21, 34, 22, 35, 23, 36, 24, 37, 25, 26, 38, 27, 39, 28, 29, 40, 30, 41, 31, 42, 43, 44, 45, 46, 47, 48, 64, 49, 50, 65, 51, 66, 52, 67, 53, 54, 68, 69, 55, 56, 70, 57, 58, 59, 60, 71, 61, 72, 73]
[0, 1, 2, 3, 4, 5, 6, 7, 8, 9, 10, 11, 12, 13, 14, 15, 16, 17, 18, 19, 32, 20, 33, 21, 34, 22, 35, 23, 36, 24, 37, 25, 26, 38, 27, 39, 28, 29, 40, 30, 41, 31, 42, 43, 44, 45, 46, 47, 48, 64, 49, 50, 65, 51, 66, 52, 67, 53, 54, 68, 69, 55, 56, 70, 57, 58, 59, 60, 71, 61, 72, 73, 62, 63]
[0, 1, 2, 3, 4, 5, 6, 7, 8, 9, 10, 11, 12, 13, 14, 15, 16, 17, 18, 19, 32, 20, 33, 21, 34, 22, 35, 23, 36, 24, 37, 25, 26, 38, 27, 39, 28, 29, 40, 30, 41, 31, 42, 43, 44, 45, 46, 47, 48, 64, 49, 50, 65, 51, 66, 52, 67, 53, 54, 68, 69, 55, 56, 70, 57, 58, 59, 60, 71, 61, 72, 73, 62, 63, 74, 75]
[0, 1, 2, 3, 4, 5, 6, 7, 8, 9, 10, 11, 12, 13, 14, 15, 16, 17, 18, 19, 32, 20, 33, 21, 34, 22, 35, 23, 36, 24, 37, 25, 26, 38, 27, 39, 28, 29, 40, 30, 41, 31, 42, 43, 44, 45, 46, 47, 48, 64, 49, 50, 65, 51, 66, 52, 67, 53, 54, 68, 69, 55, 56, 70, 57, 58, 59, 60, 71, 61, 72, 73, 62, 63, 74, 75, 76, 77]
[0, 1, 2, 3, 4, 5, 6, 7, 8, 9, 10, 11, 12, 13, 14, 15, 16, 17, 18, 19, 32, 20, 33, 21, 34, 22, 35, 23, 36, 24, 37, 25, 26, 38, 27, 39, 28, 29, 40, 30, 41, 31, 42, 43, 44, 45, 46, 47, 48, 64, 49, 50, 65, 51, 66, 52, 67, 53, 54, 68, 69, 55, 56, 70, 57, 58, 59, 60, 71, 61, 72, 73, 62, 63, 74, 75, 76, 77, 78]
[0, 1, 2, 3, 4, 5, 6, 7, 8, 9, 10, 11, 12, 13, 14, 15, 16, 17, 18, 19, 32, 20, 33, 21, 34, 22, 35, 23, 36, 24, 37, 25, 26, 38, 27, 39, 28, 29, 40, 30, 41, 31, 42, 43, 44, 45, 46, 47, 48, 64, 49, 50, 65, 51, 66, 52, 67, 53, 54, 68, 69, 55, 56, 70, 57, 58, 59, 60, 71, 61, 72, 73, 62, 63, 74, 75, 76, 77, 78, 79]
[0, 1, 2, 3, 4, 5, 6, 7, 8, 9, 10, 11, 12, 13, 14, 15, 16, 17, 18, 19, 32, 20, 33, 21, 34, 22, 35, 23, 36, 24, 37, 25, 26, 38, 27, 39, 28, 29, 40, 30, 41, 31, 42, 43, 44, 45, 46, 47, 48, 64, 49, 50, 65, 51, 66, 52, 67, 53, 54, 68, 69, 55, 56, 70, 57, 58, 59, 60, 71, 61, 72, 73, 62, 63, 74, 75, 76, 77, 78, 79, 96, 80, 81]
[0, 1, 2, 3, 4, 5, 6, 7, 8, 9, 10, 11, 12, 13, 14, 15, 16, 17, 18, 19, 32, 20, 33, 21, 34, 22, 35, 23, 36, 24, 37, 25, 26, 38, 27, 39, 28, 29, 40, 30, 41, 31, 42, 43, 44, 45, 46, 47, 48, 64, 49, 50, 65, 51, 66, 52, 67, 53, 54, 68, 69, 55, 56, 70, 57, 58, 59, 60, 71, 61, 72, 73, 62, 63, 74, 75, 76, 77, 78, 79, 96, 80, 81, 97, 82]
[0, 1, 2, 3, 4, 5, 6, 7, 8, 9, 10, 11, 12, 13, 14, 15, 16, 17, 18, 19, 32, 20, 33, 21, 34, 22, 35, 23, 36, 24, 37, 25, 26, 38, 27, 39, 28, 29, 40, 30, 41, 31, 42, 43, 44, 45, 46, 47, 48, 64, 49, 50, 65, 51, 66, 52, 67, 53, 54, 68, 69, 55, 56, 70, 57, 58, 59, 60, 71, 61, 72, 73, 62, 63, 74, 75, 76, 77, 78, 79, 96, 80, 81, 97, 82, 98, 83, 84]
[0, 1, 2, 3, 4, 5, 6, 7, 8, 9, 10, 11, 12, 13, 14, 15, 16, 17, 18, 19, 32, 20, 33, 21, 34, 22, 35, 23, 36, 24, 37, 25, 26, 38, 27, 39, 28, 29, 40, 30, 41, 31, 42, 43, 44, 45, 46, 47, 48, 64, 49, 50, 65, 51, 66, 52, 67, 53, 54, 68, 69, 55, 56, 70, 57, 58, 59, 60, 71, 61, 72, 73, 62, 63, 74, 75, 76, 77, 78, 79, 96, 80, 81, 97, 82, 98, 83, 84, 99]
[0, 1, 2, 3, 4, 5, 6, 7, 8, 9, 10, 11, 12, 13, 14, 15, 16, 17, 18, 19, 32, 20, 33, 21, 34, 22, 35, 23, 36, 24, 37, 25, 26, 38, 27, 39, 28, 29, 40, 30, 41, 31, 42, 43, 44, 45, 46, 47, 48, 64, 49, 50, 65, 51, 66, 52, 67, 53, 54, 68, 69, 55, 56, 70, 57, 58, 59, 60, 71, 61, 72, 73, 62, 63, 74, 75, 76, 77, 78, 79, 96, 80, 81, 97, 82, 98, 83, 84, 99, 85, 86, 100, 87]
[0, 1, 2, 3, 4, 5, 6, 7, 8, 9, 10, 11, 12, 13, 14, 15, 16, 17, 18, 19, 32, 20, 33, 21, 34, 22, 35, 23, 36, 24, 37, 25, 26, 38, 27, 39, 28, 29, 40, 30, 41, 31, 42, 43, 44, 45, 46, 47, 48, 64, 49, 50, 65, 51, 66, 52, 67, 53, 54, 68, 69, 55, 56, 70, 57, 58, 59, 60, 71, 61, 72, 73, 62, 63, 74, 75, 76, 77, 78, 79, 96, 80, 81, 97, 82, 98, 83, 84, 99, 85, 86, 100, 87, 88, 101]
[0, 1, 2, 3, 4, 5, 6, 7, 8, 9, 10, 11, 12, 13, 14, 15, 16, 17, 18, 19, 32, 20, 33, 21, 34, 22, 35, 23, 36, 24, 37, 25, 26, 38, 27, 39, 28, 29, 40, 30, 41, 31, 42, 43, 44, 45, 46, 47, 48, 64, 49, 50, 65, 51, 66, 52, 67, 53, 54, 68, 69, 55, 56, 70, 57, 58, 59, 60, 71, 61, 72, 73, 62, 63, 74, 75, 76, 77, 78, 79, 96, 80, 81, 97, 82, 98, 83, 84, 99, 85, 86, 100, 87, 88, 101, 89, 102]
[0, 1, 2, 3, 4, 5, 6, 7, 8, 9, 10, 11, 12, 13, 14, 15, 16, 17, 18, 19, 32, 20, 33, 21, 34, 22, 35, 23, 36, 24, 37, 25, 26, 38, 27, 39, 28, 29, 40, 30, 41, 31, 42, 43, 44, 45, 46, 47, 48, 64, 49, 50, 65, 51, 66, 52, 67, 53, 54, 68, 69, 55, 56, 70, 57, 58, 59, 60, 71, 61, 72, 73, 62, 63, 74, 75, 76, 77, 78, 79, 96, 80, 81, 97, 82, 98, 83, 84, 99, 85, 86, 100, 87, 88, 101, 89, 102, 90, 103, 91]
[0, 1, 2, 3, 4, 5, 6, 7, 8, 9, 10, 11, 12, 13, 14, 15, 16, 17, 18, 19, 32, 20, 33, 21, 34, 22, 35, 23, 36, 24, 37, 25, 26, 38, 27, 39, 28, 29, 40, 30, 41, 31, 42, 43, 44, 45, 46, 47, 48, 64, 49, 50, 65, 51, 66, 52, 67, 53, 54, 68, 69, 55, 56, 70, 57, 58, 59, 60, 71, 61, 72, 73, 62, 63, 74, 75, 76, 77, 78, 79, 96, 80, 81, 97, 82, 98, 83, 84, 99, 85, 86, 100, 87, 88, 101, 89, 102, 90, 103, 91, 104, 93]
[0, 1, 2, 3, 4, 5, 6, 7, 8, 9, 10, 11, 12, 13, 14, 15, 16, 17, 18, 19, 32, 20, 33, 21, 34, 22, 35, 23, 36, 24, 37, 25, 26, 38, 27, 39, 28, 29, 40, 30, 41, 31, 42, 43, 44, 45, 46, 47, 48, 64, 49, 50, 65, 51, 66, 52, 67, 53, 54, 68, 69, 55, 56, 70, 57, 58, 59, 60, 71, 61, 72, 73, 62, 63, 74, 75, 76, 77, 78, 79, 96, 80, 81, 97, 82, 98, 83, 84, 99, 85, 86, 100, 87, 88, 101, 89, 102, 90, 103, 91, 104, 93, 92, 105]
[0, 1, 2, 3, 4, 5, 6, 7, 8, 9, 10, 11, 12, 13, 14, 15, 16, 17, 18, 19, 32, 20, 33, 21, 34, 22, 35, 23, 36, 24, 37, 25, 26, 38, 27, 39, 28, 29, 40, 30, 41, 31, 42, 43, 44, 45, 46, 47, 48, 64, 49, 50, 65, 51, 66, 52, 67, 53, 54, 68, 69, 55, 56, 70, 57, 58, 59, 60, 71, 61, 72, 73, 62, 63, 74, 75, 76, 77, 78, 79, 96, 80, 81, 97, 82, 98, 83, 84, 99, 85, 86, 100, 87, 88, 101, 89, 102, 90, 103, 91, 104, 93, 92, 105, 94, 95]
[0, 1, 2, 3, 4, 5, 6, 7, 8, 9, 10, 11, 12, 13, 14, 15, 16, 17, 18, 19, 32, 20, 33, 21, 34, 22, 35, 23, 36, 24, 37, 25, 26, 38, 27, 39, 28, 29, 40, 30, 41, 31, 42, 43, 44, 45, 46, 47, 48, 64, 49, 50, 65, 51, 66, 52, 67, 53, 54, 68, 69, 55, 56, 70, 57, 58, 59, 60, 71, 61, 72, 73, 62, 63, 74, 75, 76, 77, 78, 79, 96, 80, 81, 97, 82, 98, 83, 84, 99, 85, 86, 100, 87, 88, 101, 89, 102, 90, 103, 91, 104, 93, 92, 105, 94, 95, 106, 107]
[0, 1, 2, 3, 4, 5, 6, 7, 8, 9, 10, 11, 12, 13, 14, 15, 16, 17, 18, 19, 32, 20, 33, 21, 34, 22, 35, 23, 36, 24, 37, 25, 26, 38, 27, 39, 28, 29, 40, 30, 41, 31, 42, 43, 44, 45, 46, 47, 48, 64, 49, 50, 65, 51, 66, 52, 67, 53, 54, 68, 69, 55, 56, 70, 57, 58, 59, 60, 71, 61, 72, 73, 62, 63, 74, 75, 76, 77, 78, 79, 96, 80, 81, 97, 82, 98, 83, 84, 99, 85, 86, 100, 87, 88, 101, 89, 102, 90, 103, 91, 104, 93, 92, 105, 94, 95, 106, 107, 108, 109]
[0, 1, 2, 3, 4, 5, 6, 7, 8, 9, 10, 11, 12, 13, 14, 15, 16, 17, 18, 19, 32, 20, 33, 21, 34, 22, 35, 23, 36, 24, 37, 25, 26, 38, 27, 39, 28, 29, 40, 30, 41, 31, 42, 43, 44, 45, 46, 47, 48, 64, 49, 50, 65, 51, 66, 52, 67, 53, 54, 68, 69, 55, 56, 70, 57, 58, 59, 60, 71, 61, 72, 73, 62, 63, 74, 75, 76, 77, 78, 79, 96, 80, 81, 97, 82, 98, 83, 84, 99, 85, 86, 100, 87, 88, 101, 89, 102, 90, 103, 91, 104, 93, 92, 105, 94, 95, 106, 107, 108, 109, 110, 111]
[0, 1, 2, 3, 4, 5, 6, 7, 8, 9, 10, 11, 12, 13, 14, 15, 16, 17, 18, 19, 32, 20, 33, 21, 34, 22, 35, 23, 36, 24, 37, 25, 26, 38, 27, 39, 28, 29, 40, 30, 41, 31, 42, 43, 44, 45, 46, 47, 48, 64, 49, 50, 65, 51, 66, 52, 67, 53, 54, 68, 69, 55, 56, 70, 57, 58, 59, 60, 71, 61, 72, 73, 62, 63, 74, 75, 76, 77, 78, 79, 96, 80, 81, 97, 82, 98, 83, 84, 99, 85, 86, 100, 87, 88, 101, 89, 102, 90, 103, 91, 104, 93, 92, 105, 94, 95, 106, 107, 108, 109, 110, 111, 127, 112]
[0, 1, 2, 3, 4, 5, 6, 7, 8, 9, 10, 11, 12, 13, 14, 15, 16, 17, 18, 19, 32, 20, 33, 21, 34, 22, 35, 23, 36, 24, 37, 25, 26, 38, 27, 39, 28, 29, 40, 30, 41, 31, 42, 43, 44, 45, 46, 47, 48, 64, 49, 50, 65, 51, 66, 52, 67, 53, 54, 68, 69, 55, 56, 70, 57, 58, 59, 60, 71, 61, 72, 73, 62, 63, 74, 75, 76, 77, 78, 79, 96, 80, 81, 97, 82, 98, 83, 84, 99, 85, 86, 100, 87, 88, 101, 89, 102, 90, 103, 91, 104, 93, 92, 105, 94, 95, 106, 107, 108, 109, 110, 111, 127, 112, 128, 113]
[0, 1, 2, 3, 4, 5, 6, 7, 8, 9, 10, 11, 12, 13, 14, 15, 16, 17, 18, 19, 32, 20, 33, 21, 34, 22, 35, 23, 36, 24, 37, 25, 26, 38, 27, 39, 28, 29, 40, 30, 41, 31, 42, 43, 44, 45, 46, 47, 48, 64, 49, 50, 65, 51, 66, 52, 67, 53, 54, 68, 69, 55, 56, 70, 57, 58, 59, 60, 71, 61, 72, 73, 62, 63, 74, 75, 76, 77, 78, 79, 96, 80, 81, 97, 82, 98, 83, 84, 99, 85, 86, 100, 87, 88, 101, 89, 102, 90, 103, 91, 104, 93, 92, 105, 94, 95, 106, 107, 108, 109, 110, 111, 127, 112, 128, 113, 129, 114, 115]
[0, 1, 2, 3, 4, 5, 6, 7, 8, 9, 10, 11, 12, 13, 14, 15, 16, 17, 18, 19, 32, 20, 33, 21, 34, 22, 35, 23, 36, 24, 37, 25, 26, 38, 27, 39, 28, 29, 40, 30, 41, 31, 42, 43, 44, 45, 46, 47, 48, 64, 49, 50, 65, 51, 66, 52, 67, 53, 54, 68, 69, 55, 56, 70, 57, 58, 59, 60, 71, 61, 72, 73, 62, 63, 74, 75, 76, 77, 78, 79, 96, 80, 81, 97, 82, 98, 83, 84, 99, 85, 86, 100, 87, 88, 101, 89, 102, 90, 103, 91, 104, 93, 92, 105, 94, 95, 106, 107, 108, 109, 110, 111, 127, 112, 128, 113, 129, 114, 115, 130, 116]
[0, 1, 2, 3, 4, 5, 6, 7, 8, 9, 10, 11, 12, 13, 14, 15, 16, 17, 18, 19, 32, 20, 33, 21, 34, 22, 35, 23, 36, 24, 37, 25, 26, 38, 27, 39, 28, 29, 40, 30, 41, 31, 42, 43, 44, 45, 46, 47, 48, 64, 49, 50, 65, 51, 66, 52, 67, 53, 54, 68, 69, 55, 56, 70, 57, 58, 59, 60, 71, 61, 72, 73, 62, 63, 74, 75, 76, 77, 78, 79, 96, 80, 81, 97, 82, 98, 83, 84, 99, 85, 86, 100, 87, 88, 101, 89, 102, 90, 103, 91, 104, 93, 92, 105, 94, 95, 106, 107, 108, 109, 110, 111, 127, 112, 128, 113, 129, 114, 115, 130, 116, 131, 117]
[0, 1, 2, 3, 4, 5, 6, 7, 8, 9, 10, 11, 12, 13, 14, 15, 16, 17, 18, 19, 32, 20, 33, 21, 34, 22, 35, 23, 36, 24, 37, 25, 26, 38, 27, 39, 28, 29, 40, 30, 41, 31, 42, 43, 44, 45, 46, 47, 48, 64, 49, 50, 65, 51, 66, 52, 67, 53, 54, 68, 69, 55, 56, 70, 57, 58, 59, 60, 71, 61, 72, 73, 62, 63, 74, 75, 76, 77, 78, 79, 96, 80, 81, 97, 82, 98, 83, 84, 99, 85, 86, 100, 87, 88, 101, 89, 102, 90, 103, 91, 104, 93, 92, 105, 94, 95, 106, 107, 108, 109, 110, 111, 127, 112, 128, 113, 129, 114, 115, 130, 116, 131, 117, 118, 119, 132, 133]
[0, 1, 2, 3, 4, 5, 6, 7, 8, 9, 10, 11, 12, 13, 14, 15, 16, 17, 18, 19, 32, 20, 33, 21, 34, 22, 35, 23, 36, 24, 37, 25, 26, 38, 27, 39, 28, 29, 40, 30, 41, 31, 42, 43, 44, 45, 46, 47, 48, 64, 49, 50, 65, 51, 66, 52, 67, 53, 54, 68, 69, 55, 56, 70, 57, 58, 59, 60, 71, 61, 72, 73, 62, 63, 74, 75, 76, 77, 78, 79, 96, 80, 81, 97, 82, 98, 83, 84, 99, 85, 86, 100, 87, 88, 101, 89, 102, 90, 103, 91, 104, 93, 92, 105, 94, 95, 106, 107, 108, 109, 110, 111, 127, 112, 128, 113, 129, 114, 115, 130, 116, 131, 117, 118, 119, 132, 133, 120, 134]
[0, 1, 2, 3, 4, 5, 6, 7, 8, 9, 10, 11, 12, 13, 14, 15, 16, 17, 18, 19, 32, 20, 33, 21, 34, 22, 35, 23, 36, 24, 37, 25, 26, 38, 27, 39, 28, 29, 40, 30, 41, 31, 42, 43, 44, 45, 46, 47, 48, 64, 49, 50, 65, 51, 66, 52, 67, 53, 54, 68, 69, 55, 56, 70, 57, 58, 59, 60, 71, 61, 72, 73, 62, 63, 74, 75, 76, 77, 78, 79, 96, 80, 81, 97, 82, 98, 83, 84, 99, 85, 86, 100, 87, 88, 101, 89, 102, 90, 103, 91, 104, 93, 92, 105, 94, 95, 106, 107, 108, 109, 110, 111, 127, 112, 128, 113, 129, 114, 115, 130, 116, 131, 117, 118, 119, 132, 133, 120, 134, 121, 122]
[0, 1, 2, 3, 4, 5, 6, 7, 8, 9, 10, 11, 12, 13, 14, 15, 16, 17, 18, 19, 32, 20, 33, 21, 34, 22, 35, 23, 36, 24, 37, 25, 26, 38, 27, 39, 28, 29, 40, 30, 41, 31, 42, 43, 44, 45, 46, 47, 48, 64, 49, 50, 65, 51, 66, 52, 67, 53, 54, 68, 69, 55, 56, 70, 57, 58, 59, 60, 71, 61, 72, 73, 62, 63, 74, 75, 76, 77, 78, 79, 96, 80, 81, 97, 82, 98, 83, 84, 99, 85, 86, 100, 87, 88, 101, 89, 102, 90, 103, 91, 104, 93, 92, 105, 94, 95, 106, 107, 108, 109, 110, 111, 127, 112, 128, 113, 129, 114, 115, 130, 116, 131, 117, 118, 119, 132, 133, 120, 134, 121, 122, 135, 123]
[0, 1, 2, 3, 4, 5, 6, 7, 8, 9, 10, 11, 12, 13, 14, 15, 16, 17, 18, 19, 32, 20, 33, 21, 34, 22, 35, 23, 36, 24, 37, 25, 26, 38, 27, 39, 28, 29, 40, 30, 41, 31, 42, 43, 44, 45, 46, 47, 48, 64, 49, 50, 65, 51, 66, 52, 67, 53, 54, 68, 69, 55, 56, 70, 57, 58, 59, 60, 71, 61, 72, 73, 62, 63, 74, 75, 76, 77, 78, 79, 96, 80, 81, 97, 82, 98, 83, 84, 99, 85, 86, 100, 87, 88, 101, 89, 102, 90, 103, 91, 104, 93, 92, 105, 94, 95, 106, 107, 108, 109, 110, 111, 127, 112, 128, 113, 129, 114, 115, 130, 116, 131, 117, 118, 119, 132, 133, 120, 134, 121, 122, 135, 123, 124, 136, 125]
[0, 1, 2, 3, 4, 5, 6, 7, 8, 9, 10, 11, 12, 13, 14, 15, 16, 17, 18, 19, 32, 20, 33, 21, 34, 22, 35, 23, 36, 24, 37, 25, 26, 38, 27, 39, 28, 29, 40, 30, 41, 31, 42, 43, 44, 45, 46, 47, 48, 64, 49, 50, 65, 51, 66, 52, 67, 53, 54, 68, 69, 55, 56, 70, 57, 58, 59, 60, 71, 61, 72, 73, 62, 63, 74, 75, 76, 77, 78, 79, 96, 80, 81, 97, 82, 98, 83, 84, 99, 85, 86, 100, 87, 88, 101, 89, 102, 90, 103, 91, 104, 93, 92, 105, 94, 95, 106, 107, 108, 109, 110, 111, 127, 112, 128, 113, 129, 114, 115, 130, 116, 131, 117, 118, 119, 132, 133, 120, 134, 121, 122, 135, 123, 124, 136, 125, 126]
[0, 1, 2, 3, 4, 5, 6, 7, 8, 9, 10, 11, 12, 13, 14, 15, 16, 17, 18, 19, 32, 20, 33, 21, 34, 22, 35, 23, 36, 24, 37, 25, 26, 38, 27, 39, 28, 29, 40, 30, 41, 31, 42, 43, 44, 45, 46, 47, 48, 64, 49, 50, 65, 51, 66, 52, 67, 53, 54, 68, 69, 55, 56, 70, 57, 58, 59, 60, 71, 61, 72, 73, 62, 63, 74, 75, 76, 77, 78, 79, 96, 80, 81, 97, 82, 98, 83, 84, 99, 85, 86, 100, 87, 88, 101, 89, 102, 90, 103, 91, 104, 93, 92, 105, 94, 95, 106, 107, 108, 109, 110, 111, 127, 112, 128, 113, 129, 114, 115, 130, 116, 131, 117, 118, 119, 132, 133, 120, 134, 121, 122, 135, 123, 124, 136, 125, 126, 137]
[0, 1, 2, 3, 4, 5, 6, 7, 8, 9, 10, 11, 12, 13, 14, 15, 16, 17, 18, 19, 32, 20, 33, 21, 34, 22, 35, 23, 36, 24, 37, 25, 26, 38, 27, 39, 28, 29, 40, 30, 41, 31, 42, 43, 44, 45, 46, 47, 48, 64, 49, 50, 65, 51, 66, 52, 67, 53, 54, 68, 69, 55, 56, 70, 57, 58, 59, 60, 71, 61, 72, 73, 62, 63, 74, 75, 76, 77, 78, 79, 96, 80, 81, 97, 82, 98, 83, 84, 99, 85, 86, 100, 87, 88, 101, 89, 102, 90, 103, 91, 104, 93, 92, 105, 94, 95, 106, 107, 108, 109, 110, 111, 127, 112, 128, 113, 129, 114, 115, 130, 116, 131, 117, 118, 119, 132, 133, 120, 134, 121, 122, 135, 123, 124, 136, 125, 126, 137, 138, 139, 140]
[0, 1, 2, 3, 4, 5, 6, 7, 8, 9, 10, 11, 12, 13, 14, 15, 16, 17, 18, 19, 32, 20, 33, 21, 34, 22, 35, 23, 36, 24, 37, 25, 26, 38, 27, 39, 28, 29, 40, 30, 41, 31, 42, 43, 44, 45, 46, 47, 48, 64, 49, 50, 65, 51, 66, 52, 67, 53, 54, 68, 69, 55, 56, 70, 57, 58, 59, 60, 71, 61, 72, 73, 62, 63, 74, 75, 76, 77, 78, 79, 96, 80, 81, 97, 82, 98, 83, 84, 99, 85, 86, 100, 87, 88, 101, 89, 102, 90, 103, 91, 104, 93, 92, 105, 94, 95, 106, 107, 108, 109, 110, 111, 127, 112, 128, 113, 129, 114, 115, 130, 116, 131, 117, 118, 119, 132, 133, 120, 134, 121, 122, 135, 123, 124, 136, 125, 126, 137, 138, 139, 140, 141]
[0, 1, 2, 3, 4, 5, 6, 7, 8, 9, 10, 11, 12, 13, 14, 15, 16, 17, 18, 19, 32, 20, 33, 21, 34, 22, 35, 23, 36, 24, 37, 25, 26, 38, 27, 39, 28, 29, 40, 30, 41, 31, 42, 43, 44, 45, 46, 47, 48, 64, 49, 50, 65, 51, 66, 52, 67, 53, 54, 68, 69, 55, 56, 70, 57, 58, 59, 60, 71, 61, 72, 73, 62, 63, 74, 75, 76, 77, 78, 79, 96, 80, 81, 97, 82, 98, 83, 84, 99, 85, 86, 100, 87, 88, 101, 89, 102, 90, 103, 91, 104, 93, 92, 105, 94, 95, 106, 107, 108, 109, 110, 111, 127, 112, 128, 113, 129, 114, 115, 130, 116, 131, 117, 118, 119, 132, 133, 120, 134, 121, 122, 135, 123, 124, 136, 125, 126, 137, 138, 139, 140, 141, 142]
[0, 1, 2, 3, 4, 5, 6, 7, 8, 9, 10, 11, 12, 13, 14, 15, 16, 17, 18, 19, 32, 20, 33, 21, 34, 22, 35, 23, 36, 24, 37, 25, 26, 38, 27, 39, 28, 29, 40, 30, 41, 31, 42, 43, 44, 45, 46, 47, 48, 64, 49, 50, 65, 51, 66, 52, 67, 53, 54, 68, 69, 55, 56, 70, 57, 58, 59, 60, 71, 61, 72, 73, 62, 63, 74, 75, 76, 77, 78, 79, 96, 80, 81, 97, 82, 98, 83, 84, 99, 85, 86, 100, 87, 88, 101, 89, 102, 90, 103, 91, 104, 93, 92, 105, 94, 95, 106, 107, 108, 109, 110, 111, 127, 112, 128, 113, 129, 114, 115, 130, 116, 131, 117, 118, 119, 132, 133, 120, 134, 121, 122, 135, 123, 124, 136, 125, 126, 137, 138, 139, 140, 141, 142, 158, 143, 159]
[0, 1, 2, 3, 4, 5, 6, 7, 8, 9, 10, 11, 12, 13, 14, 15, 16, 17, 18, 19, 32, 20, 33, 21, 34, 22, 35, 23, 36, 24, 37, 25, 26, 38, 27, 39, 28, 29, 40, 30, 41, 31, 42, 43, 44, 45, 46, 47, 48, 64, 49, 50, 65, 51, 66, 52, 67, 53, 54, 68, 69, 55, 56, 70, 57, 58, 59, 60, 71, 61, 72, 73, 62, 63, 74, 75, 76, 77, 78, 79, 96, 80, 81, 97, 82, 98, 83, 84, 99, 85, 86, 100, 87, 88, 101, 89, 102, 90, 103, 91, 104, 93, 92, 105, 94, 95, 106, 107, 108, 109, 110, 111, 127, 112, 128, 113, 129, 114, 115, 130, 116, 131, 117, 118, 119, 132, 133, 120, 134, 121, 122, 135, 123, 124, 136, 125, 126, 137, 138, 139, 140, 141, 142, 158, 143, 159, 144, 145]
[0, 1, 2, 3, 4, 5, 6, 7, 8, 9, 10, 11, 12, 13, 14, 15, 16, 17, 18, 19, 32, 20, 33, 21, 34, 22, 35, 23, 36, 24, 37, 25, 26, 38, 27, 39, 28, 29, 40, 30, 41, 31, 42, 43, 44, 45, 46, 47, 48, 64, 49, 50, 65, 51, 66, 52, 67, 53, 54, 68, 69, 55, 56, 70, 57, 58, 59, 60, 71, 61, 72, 73, 62, 63, 74, 75, 76, 77, 78, 79, 96, 80, 81, 97, 82, 98, 83, 84, 99, 85, 86, 100, 87, 88, 101, 89, 102, 90, 103, 91, 104, 93, 92, 105, 94, 95, 106, 107, 108, 109, 110, 111, 127, 112, 128, 113, 129, 114, 115, 130, 116, 131, 117, 118, 119, 132, 133, 120, 134, 121, 122, 135, 123, 124, 136, 125, 126, 137, 138, 139, 140, 141, 142, 158, 143, 159, 144, 145, 160, 146, 161]
[0, 1, 2, 3, 4, 5, 6, 7, 8, 9, 10, 11, 12, 13, 14, 15, 16, 17, 18, 19, 32, 20, 33, 21, 34, 22, 35, 23, 36, 24, 37, 25, 26, 38, 27, 39, 28, 29, 40, 30, 41, 31, 42, 43, 44, 45, 46, 47, 48, 64, 49, 50, 65, 51, 66, 52, 67, 53, 54, 68, 69, 55, 56, 70, 57, 58, 59, 60, 71, 61, 72, 73, 62, 63, 74, 75, 76, 77, 78, 79, 96, 80, 81, 97, 82, 98, 83, 84, 99, 85, 86, 100, 87, 88, 101, 89, 102, 90, 103, 91, 104, 93, 92, 105, 94, 95, 106, 107, 108, 109, 110, 111, 127, 112, 128, 113, 129, 114, 115, 130, 116, 131, 117, 118, 119, 132, 133, 120, 134, 121, 122, 135, 123, 124, 136, 125, 126, 137, 138, 139, 140, 141, 142, 158, 143, 159, 144, 145, 160, 146, 161, 147, 148, 149]
[0, 1, 2, 3, 4, 5, 6, 7, 8, 9, 10, 11, 12, 13, 14, 15, 16, 17, 18, 19, 32, 20, 33, 21, 34, 22, 35, 23, 36, 24, 37, 25, 26, 38, 27, 39, 28, 29, 40, 30, 41, 31, 42, 43, 44, 45, 46, 47, 48, 64, 49, 50, 65, 51, 66, 52, 67, 53, 54, 68, 69, 55, 56, 70, 57, 58, 59, 60, 71, 61, 72, 73, 62, 63, 74, 75, 76, 77, 78, 79, 96, 80, 81, 97, 82, 98, 83, 84, 99, 85, 86, 100, 87, 88, 101, 89, 102, 90, 103, 91, 104, 93, 92, 105, 94, 95, 106, 107, 108, 109, 110, 111, 127, 112, 128, 113, 129, 114, 115, 130, 116, 131, 117, 118, 119, 132, 133, 120, 134, 121, 122, 135, 123, 124, 136, 125, 126, 137, 138, 139, 140, 141, 142, 158, 143, 159, 144, 145, 160, 146, 161, 147, 148, 149, 162, 150]
[0, 1, 2, 3, 4, 5, 6, 7, 8, 9, 10, 11, 12, 13, 14, 15, 16, 17, 18, 19, 32, 20, 33, 21, 34, 22, 35, 23, 36, 24, 37, 25, 26, 38, 27, 39, 28, 29, 40, 30, 41, 31, 42, 43, 44, 45, 46, 47, 48, 64, 49, 50, 65, 51, 66, 52, 67, 53, 54, 68, 69, 55, 56, 70, 57, 58, 59, 60, 71, 61, 72, 73, 62, 63, 74, 75, 76, 77, 78, 79, 96, 80, 81, 97, 82, 98, 83, 84, 99, 85, 86, 100, 87, 88, 101, 89, 102, 90, 103, 91, 104, 93, 92, 105, 94, 95, 106, 107, 108, 109, 110, 111, 127, 112, 128, 113, 129, 114, 115, 130, 116, 131, 117, 118, 119, 132, 133, 120, 134, 121, 122, 135, 123, 124, 136, 125, 126, 137, 138, 139, 140, 141, 142, 158, 143, 159, 144, 145, 160, 146, 161, 147, 148, 149, 162, 150, 163, 151]
[0, 1, 2, 3, 4, 5, 6, 7, 8, 9, 10, 11, 12, 13, 14, 15, 16, 17, 18, 19, 32, 20, 33, 21, 34, 22, 35, 23, 36, 24, 37, 25, 26, 38, 27, 39, 28, 29, 40, 30, 41, 31, 42, 43, 44, 45, 46, 47, 48, 64, 49, 50, 65, 51, 66, 52, 67, 53, 54, 68, 69, 55, 56, 70, 57, 58, 59, 60, 71, 61, 72, 73, 62, 63, 74, 75, 76, 77, 78, 79, 96, 80, 81, 97, 82, 98, 83, 84, 99, 85, 86, 100, 87, 88, 101, 89, 102, 90, 103, 91, 104, 93, 92, 105, 94, 95, 106, 107, 108, 109, 110, 111, 127, 112, 128, 113, 129, 114, 115, 130, 116, 131, 117, 118, 119, 132, 133, 120, 134, 121, 122, 135, 123, 124, 136, 125, 126, 137, 138, 139, 140, 141, 142, 158, 143, 159, 144, 145, 160, 146, 161, 147, 148, 149, 162, 150, 163, 151, 152, 164]
[0, 1, 2, 3, 4, 5, 6, 7, 8, 9, 10, 11, 12, 13, 14, 15, 16, 17, 18, 19, 32, 20, 33, 21, 34, 22, 35, 23, 36, 24, 37, 25, 26, 38, 27, 39, 28, 29, 40, 30, 41, 31, 42, 43, 44, 45, 46, 47, 48, 64, 49, 50, 65, 51, 66, 52, 67, 53, 54, 68, 69, 55, 56, 70, 57, 58, 59, 60, 71, 61, 72, 73, 62, 63, 74, 75, 76, 77, 78, 79, 96, 80, 81, 97, 82, 98, 83, 84, 99, 85, 86, 100, 87, 88, 101, 89, 102, 90, 103, 91, 104, 93, 92, 105, 94, 95, 106, 107, 108, 109, 110, 111, 127, 112, 128, 113, 129, 114, 115, 130, 116, 131, 117, 118, 119, 132, 133, 120, 134, 121, 122, 135, 123, 124, 136, 125, 126, 137, 138, 139, 140, 141, 142, 158, 143, 159, 144, 145, 160, 146, 161, 147, 148, 149, 162, 150, 163, 151, 152, 164, 153]
[0, 1, 2, 3, 4, 5, 6, 7, 8, 9, 10, 11, 12, 13, 14, 15, 16, 17, 18, 19, 32, 20, 33, 21, 34, 22, 35, 23, 36, 24, 37, 25, 26, 38, 27, 39, 28, 29, 40, 30, 41, 31, 42, 43, 44, 45, 46, 47, 48, 64, 49, 50, 65, 51, 66, 52, 67, 53, 54, 68, 69, 55, 56, 70, 57, 58, 59, 60, 71, 61, 72, 73, 62, 63, 74, 75, 76, 77, 78, 79, 96, 80, 81, 97, 82, 98, 83, 84, 99, 85, 86, 100, 87, 88, 101, 89, 102, 90, 103, 91, 104, 93, 92, 105, 94, 95, 106, 107, 108, 109, 110, 111, 127, 112, 128, 113, 129, 114, 115, 130, 116, 131, 117, 118, 119, 132, 133, 120, 134, 121, 122, 135, 123, 124, 136, 125, 126, 137, 138, 139, 140, 141, 142, 158, 143, 159, 144, 145, 160, 146, 161, 147, 148, 149, 162, 150, 163, 151, 152, 164, 153, 165, 154, 166]
[0, 1, 2, 3, 4, 5, 6, 7, 8, 9, 10, 11, 12, 13, 14, 15, 16, 17, 18, 19, 32, 20, 33, 21, 34, 22, 35, 23, 36, 24, 37, 25, 26, 38, 27, 39, 28, 29, 40, 30, 41, 31, 42, 43, 44, 45, 46, 47, 48, 64, 49, 50, 65, 51, 66, 52, 67, 53, 54, 68, 69, 55, 56, 70, 57, 58, 59, 60, 71, 61, 72, 73, 62, 63, 74, 75, 76, 77, 78, 79, 96, 80, 81, 97, 82, 98, 83, 84, 99, 85, 86, 100, 87, 88, 101, 89, 102, 90, 103, 91, 104, 93, 92, 105, 94, 95, 106, 107, 108, 109, 110, 111, 127, 112, 128, 113, 129, 114, 115, 130, 116, 131, 117, 118, 119, 132, 133, 120, 134, 121, 122, 135, 123, 124, 136, 125, 126, 137, 138, 139, 140, 141, 142, 158, 143, 159, 144, 145, 160, 146, 161, 147, 148, 149, 162, 150, 163, 151, 152, 164, 153, 165, 154, 166, 156, 155, 167]
[0, 1, 2, 3, 4, 5, 6, 7, 8, 9, 10, 11, 12, 13, 14, 15, 16, 17, 18, 19, 32, 20, 33, 21, 34, 22, 35, 23, 36, 24, 37, 25, 26, 38, 27, 39, 28, 29, 40, 30, 41, 31, 42, 43, 44, 45, 46, 47, 48, 64, 49, 50, 65, 51, 66, 52, 67, 53, 54, 68, 69, 55, 56, 70, 57, 58, 59, 60, 71, 61, 72, 73, 62, 63, 74, 75, 76, 77, 78, 79, 96, 80, 81, 97, 82, 98, 83, 84, 99, 85, 86, 100, 87, 88, 101, 89, 102, 90, 103, 91, 104, 93, 92, 105, 94, 95, 106, 107, 108, 109, 110, 111, 127, 112, 128, 113, 129, 114, 115, 130, 116, 131, 117, 118, 119, 132, 133, 120, 134, 121, 122, 135, 123, 124, 136, 125, 126, 137, 138, 139, 140, 141, 142, 158, 143, 159, 144, 145, 160, 146, 161, 147, 148, 149, 162, 150, 163, 151, 152, 164, 153, 165, 154, 166, 156, 155, 167, 157, 168]
[0, 1, 2, 3, 4, 5, 6, 7, 8, 9, 10, 11, 12, 13, 14, 15, 16, 17, 18, 19, 32, 20, 33, 21, 34, 22, 35, 23, 36, 24, 37, 25, 26, 38, 27, 39, 28, 29, 40, 30, 41, 31, 42, 43, 44, 45, 46, 47, 48, 64, 49, 50, 65, 51, 66, 52, 67, 53, 54, 68, 69, 55, 56, 70, 57, 58, 59, 60, 71, 61, 72, 73, 62, 63, 74, 75, 76, 77, 78, 79, 96, 80, 81, 97, 82, 98, 83, 84, 99, 85, 86, 100, 87, 88, 101, 89, 102, 90, 103, 91, 104, 93, 92, 105, 94, 95, 106, 107, 108, 109, 110, 111, 127, 112, 128, 113, 129, 114, 115, 130, 116, 131, 117, 118, 119, 132, 133, 120, 134, 121, 122, 135, 123, 124, 136, 125, 126, 137, 138, 139, 140, 141, 142, 158, 143, 159, 144, 145, 160, 146, 161, 147, 148, 149, 162, 150, 163, 151, 152, 164, 153, 165, 154, 166, 156, 155, 167, 157, 168, 169]
[0, 1, 2, 3, 4, 5, 6, 7, 8, 9, 10, 11, 12, 13, 14, 15, 16, 17, 18, 19, 32, 20, 33, 21, 34, 22, 35, 23, 36, 24, 37, 25, 26, 38, 27, 39, 28, 29, 40, 30, 41, 31, 42, 43, 44, 45, 46, 47, 48, 64, 49, 50, 65, 51, 66, 52, 67, 53, 54, 68, 69, 55, 56, 70, 57, 58, 59, 60, 71, 61, 72, 73, 62, 63, 74, 75, 76, 77, 78, 79, 96, 80, 81, 97, 82, 98, 83, 84, 99, 85, 86, 100, 87, 88, 101, 89, 102, 90, 103, 91, 104, 93, 92, 105, 94, 95, 106, 107, 108, 109, 110, 111, 127, 112, 128, 113, 129, 114, 115, 130, 116, 131, 117, 118, 119, 132, 133, 120, 134, 121, 122, 135, 123, 124, 136, 125, 126, 137, 138, 139, 140, 141, 142, 158, 143, 159, 144, 145, 160, 146, 161, 147, 148, 149, 162, 150, 163, 151, 152, 164, 153, 165, 154, 166, 156, 155, 167, 157, 168, 169, 170]
[0, 1, 2, 3, 4, 5, 6, 7, 8, 9, 10, 11, 12, 13, 14, 15, 16, 17, 18, 19, 32, 20, 33, 21, 34, 22, 35, 23, 36, 24, 37, 25, 26, 38, 27, 39, 28, 29, 40, 30, 41, 31, 42, 43, 44, 45, 46, 47, 48, 64, 49, 50, 65, 51, 66, 52, 67, 53, 54, 68, 69, 55, 56, 70, 57, 58, 59, 60, 71, 61, 72, 73, 62, 63, 74, 75, 76, 77, 78, 79, 96, 80, 81, 97, 82, 98, 83, 84, 99, 85, 86, 100, 87, 88, 101, 89, 102, 90, 103, 91, 104, 93, 92, 105, 94, 95, 106, 107, 108, 109, 110, 111, 127, 112, 128, 113, 129, 114, 115, 130, 116, 131, 117, 118, 119, 132, 133, 120, 134, 121, 122, 135, 123, 124, 136, 125, 126, 137, 138, 139, 140, 141, 142, 158, 143, 159, 144, 145, 160, 146, 161, 147, 148, 149, 162, 150, 163, 151, 152, 164, 153, 165, 154, 166, 156, 155, 167, 157, 168, 169, 170, 171]
[0, 1, 2, 3, 4, 5, 6, 7, 8, 9, 10, 11, 12, 13, 14, 15, 16, 17, 18, 19, 32, 20, 33, 21, 34, 22, 35, 23, 36, 24, 37, 25, 26, 38, 27, 39, 28, 29, 40, 30, 41, 31, 42, 43, 44, 45, 46, 47, 48, 64, 49, 50, 65, 51, 66, 52, 67, 53, 54, 68, 69, 55, 56, 70, 57, 58, 59, 60, 71, 61, 72, 73, 62, 63, 74, 75, 76, 77, 78, 79, 96, 80, 81, 97, 82, 98, 83, 84, 99, 85, 86, 100, 87, 88, 101, 89, 102, 90, 103, 91, 104, 93, 92, 105, 94, 95, 106, 107, 108, 109, 110, 111, 127, 112, 128, 113, 129, 114, 115, 130, 116, 131, 117, 118, 119, 132, 133, 120, 134, 121, 122, 135, 123, 124, 136, 125, 126, 137, 138, 139, 140, 141, 142, 158, 143, 159, 144, 145, 160, 146, 161, 147, 148, 149, 162, 150, 163, 151, 152, 164, 153, 165, 154, 166, 156, 155, 167, 157, 168, 169, 170, 171, 172, 173]
[0, 1, 2, 3, 4, 5, 6, 7, 8, 9, 10, 11, 12, 13, 14, 15, 16, 17, 18, 19, 32, 20, 33, 21, 34, 22, 35, 23, 36, 24, 37, 25, 26, 38, 27, 39, 28, 29, 40, 30, 41, 31, 42, 43, 44, 45, 46, 47, 48, 64, 49, 50, 65, 51, 66, 52, 67, 53, 54, 68, 69, 55, 56, 70, 57, 58, 59, 60, 71, 61, 72, 73, 62, 63, 74, 75, 76, 77, 78, 79, 96, 80, 81, 97, 82, 98, 83, 84, 99, 85, 86, 100, 87, 88, 101, 89, 102, 90, 103, 91, 104, 93, 92, 105, 94, 95, 106, 107, 108, 109, 110, 111, 127, 112, 128, 113, 129, 114, 115, 130, 116, 131, 117, 118, 119, 132, 133, 120, 134, 121, 122, 135, 123, 124, 136, 125, 126, 137, 138, 139, 140, 141, 142, 158, 143, 159, 144, 145, 160, 146, 161, 147, 148, 149, 162, 150, 163, 151, 152, 164, 153, 165, 154, 166, 156, 155, 167, 157, 168, 169, 170, 171, 172, 173, 174]
[0, 1, 2, 3, 4, 5, 6, 7, 8, 9, 10, 11, 12, 13, 14, 15, 16, 17, 18, 19, 32, 20, 33, 21, 34, 22, 35, 23, 36, 24, 37, 25, 26, 38, 27, 39, 28, 29, 40, 30, 41, 31, 42, 43, 44, 45, 46, 47, 48, 64, 49, 50, 65, 51, 66, 52, 67, 53, 54, 68, 69, 55, 56, 70, 57, 58, 59, 60, 71, 61, 72, 73, 62, 63, 74, 75, 76, 77, 78, 79, 96, 80, 81, 97, 82, 98, 83, 84, 99, 85, 86, 100, 87, 88, 101, 89, 102, 90, 103, 91, 104, 93, 92, 105, 94, 95, 106, 107, 108, 109, 110, 111, 127, 112, 128, 113, 129, 114, 115, 130, 116, 131, 117, 118, 119, 132, 133, 120, 134, 121, 122, 135, 123, 124, 136, 125, 126, 137, 138, 139, 140, 141, 142, 158, 143, 159, 144, 145, 160, 146, 161, 147, 148, 149, 162, 150, 163, 151, 152, 164, 153, 165, 154, 166, 156, 155, 167, 157, 168, 169, 170, 171, 172, 173, 174, 175, 176]
[0, 1, 2, 3, 4, 5, 6, 7, 8, 9, 10, 11, 12, 13, 14, 15, 16, 17, 18, 19, 32, 20, 33, 21, 34, 22, 35, 23, 36, 24, 37, 25, 26, 38, 27, 39, 28, 29, 40, 30, 41, 31, 42, 43, 44, 45, 46, 47, 48, 64, 49, 50, 65, 51, 66, 52, 67, 53, 54, 68, 69, 55, 56, 70, 57, 58, 59, 60, 71, 61, 72, 73, 62, 63, 74, 75, 76, 77, 78, 79, 96, 80, 81, 97, 82, 98, 83, 84, 99, 85, 86, 100, 87, 88, 101, 89, 102, 90, 103, 91, 104, 93, 92, 105, 94, 95, 106, 107, 108, 109, 110, 111, 127, 112, 128, 113, 129, 114, 115, 130, 116, 131, 117, 118, 119, 132, 133, 120, 134, 121, 122, 135, 123, 124, 136, 125, 126, 137, 138, 139, 140, 141, 142, 158, 143, 159, 144, 145, 160, 146, 161, 147, 148, 149, 162, 150, 163, 151, 152, 164, 153, 165, 154, 166, 156, 155, 167, 157, 168, 169, 170, 171, 172, 173, 174, 175, 176, 177, 178]
[0, 1, 2, 3, 4, 5, 6, 7, 8, 9, 10, 11, 12, 13, 14, 15, 16, 17, 18, 19, 32, 20, 33, 21, 34, 22, 35, 23, 36, 24, 37, 25, 26, 38, 27, 39, 28, 29, 40, 30, 41, 31, 42, 43, 44, 45, 46, 47, 48, 64, 49, 50, 65, 51, 66, 52, 67, 53, 54, 68, 69, 55, 56, 70, 57, 58, 59, 60, 71, 61, 72, 73, 62, 63, 74, 75, 76, 77, 78, 79, 96, 80, 81, 97, 82, 98, 83, 84, 99, 85, 86, 100, 87, 88, 101, 89, 102, 90, 103, 91, 104, 93, 92, 105, 94, 95, 106, 107, 108, 109, 110, 111, 127, 112, 128, 113, 129, 114, 115, 130, 116, 131, 117, 118, 119, 132, 133, 120, 134, 121, 122, 135, 123, 124, 136, 125, 126, 137, 138, 139, 140, 141, 142, 158, 143, 159, 144, 145, 160, 146, 161, 147, 148, 149, 162, 150, 163, 151, 152, 164, 153, 165, 154, 166, 156, 155, 167, 157, 168, 169, 170, 171, 172, 173, 174, 175, 176, 177, 178, 179]
[0, 1, 2, 3, 4, 5, 6, 7, 8, 9, 10, 11, 12, 13, 14, 15, 16, 17, 18, 19, 32, 20, 33, 21, 34, 22, 35, 23, 36, 24, 37, 25, 26, 38, 27, 39, 28, 29, 40, 30, 41, 31, 42, 43, 44, 45, 46, 47, 48, 64, 49, 50, 65, 51, 66, 52, 67, 53, 54, 68, 69, 55, 56, 70, 57, 58, 59, 60, 71, 61, 72, 73, 62, 63, 74, 75, 76, 77, 78, 79, 96, 80, 81, 97, 82, 98, 83, 84, 99, 85, 86, 100, 87, 88, 101, 89, 102, 90, 103, 91, 104, 93, 92, 105, 94, 95, 106, 107, 108, 109, 110, 111, 127, 112, 128, 113, 129, 114, 115, 130, 116, 131, 117, 118, 119, 132, 133, 120, 134, 121, 122, 135, 123, 124, 136, 125, 126, 137, 138, 139, 140, 141, 142, 158, 143, 159, 144, 145, 160, 146, 161, 147, 148, 149, 162, 150, 163, 151, 152, 164, 153, 165, 154, 166, 156, 155, 167, 157, 168, 169, 170, 171, 172, 173, 174, 175, 176, 177, 178, 179, 180, 181]
[0, 1, 2, 3, 4, 5, 6, 7, 8, 9, 10, 11, 12, 13, 14, 15, 16, 17, 18, 19, 32, 20, 33, 21, 34, 22, 35, 23, 36, 24, 37, 25, 26, 38, 27, 39, 28, 29, 40, 30, 41, 31, 42, 43, 44, 45, 46, 47, 48, 64, 49, 50, 65, 51, 66, 52, 67, 53, 54, 68, 69, 55, 56, 70, 57, 58, 59, 60, 71, 61, 72, 73, 62, 63, 74, 75, 76, 77, 78, 79, 96, 80, 81, 97, 82, 98, 83, 84, 99, 85, 86, 100, 87, 88, 101, 89, 102, 90, 103, 91, 104, 93, 92, 105, 94, 95, 106, 107, 108, 109, 110, 111, 127, 112, 128, 113, 129, 114, 115, 130, 116, 131, 117, 118, 119, 132, 133, 120, 134, 121, 122, 135, 123, 124, 136, 125, 126, 137, 138, 139, 140, 141, 142, 158, 143, 159, 144, 145, 160, 146, 161, 147, 148, 149, 162, 150, 163, 151, 152, 164, 153, 165, 154, 166, 156, 155, 167, 157, 168, 169, 170, 171, 172, 173, 174, 175, 176, 177, 178, 179, 180, 181, 182]
[0, 1, 2, 3, 4, 5, 6, 7, 8, 9, 10, 11, 12, 13, 14, 15, 16, 17, 18, 19, 32, 20, 33, 21, 34, 22, 35, 23, 36, 24, 37, 25, 26, 38, 27, 39, 28, 29, 40, 30, 41, 31, 42, 43, 44, 45, 46, 47, 48, 64, 49, 50, 65, 51, 66, 52, 67, 53, 54, 68, 69, 55, 56, 70, 57, 58, 59, 60, 71, 61, 72, 73, 62, 63, 74, 75, 76, 77, 78, 79, 96, 80, 81, 97, 82, 98, 83, 84, 99, 85, 86, 100, 87, 88, 101, 89, 102, 90, 103, 91, 104, 93, 92, 105, 94, 95, 106, 107, 108, 109, 110, 111, 127, 112, 128, 113, 129, 114, 115, 130, 116, 131, 117, 118, 119, 132, 133, 120, 134, 121, 122, 135, 123, 124, 136, 125, 126, 137, 138, 139, 140, 141, 142, 158, 143, 159, 144, 145, 160, 146, 161, 147, 148, 149, 162, 150, 163, 151, 152, 164, 153, 165, 154, 166, 156, 155, 167, 157, 168, 169, 170, 171, 172, 173, 174, 175, 176, 177, 178, 179, 180, 181, 182, 183]
[0, 1, 2, 3, 4, 5, 6, 7, 8, 9, 10, 11, 12, 13, 14, 15, 16, 17, 18, 19, 32, 20, 33, 21, 34, 22, 35, 23, 36, 24, 37, 25, 26, 38, 27, 39, 28, 29, 40, 30, 41, 31, 42, 43, 44, 45, 46, 47, 48, 64, 49, 50, 65, 51, 66, 52, 67, 53, 54, 68, 69, 55, 56, 70, 57, 58, 59, 60, 71, 61, 72, 73, 62, 63, 74, 75, 76, 77, 78, 79, 96, 80, 81, 97, 82, 98, 83, 84, 99, 85, 86, 100, 87, 88, 101, 89, 102, 90, 103, 91, 104, 93, 92, 105, 94, 95, 106, 107, 108, 109, 110, 111, 127, 112, 128, 113, 129, 114, 115, 130, 116, 131, 117, 118, 119, 132, 133, 120, 134, 121, 122, 135, 123, 124, 136, 125, 126, 137, 138, 139, 140, 141, 142, 158, 143, 159, 144, 145, 160, 146, 161, 147, 148, 149, 162, 150, 163, 151, 152, 164, 153, 165, 154, 166, 156, 155, 167, 157, 168, 169, 170, 171, 172, 173, 174, 175, 176, 177, 178, 179, 180, 181, 182, 183, 184, 185]
[0, 1, 2, 3, 4, 5, 6, 7, 8, 9, 10, 11, 12, 13, 14, 15, 16, 17, 18, 19, 32, 20, 33, 21, 34, 22, 35, 23, 36, 24, 37, 25, 26, 38, 27, 39, 28, 29, 40, 30, 41, 31, 42, 43, 44, 45, 46, 47, 48, 64, 49, 50, 65, 51, 66, 52, 67, 53, 54, 68, 69, 55, 56, 70, 57, 58, 59, 60, 71, 61, 72, 73, 62, 63, 74, 75, 76, 77, 78, 79, 96, 80, 81, 97, 82, 98, 83, 84, 99, 85, 86, 100, 87, 88, 101, 89, 102, 90, 103, 91, 104, 93, 92, 105, 94, 95, 106, 107, 108, 109, 110, 111, 127, 112, 128, 113, 129, 114, 115, 130, 116, 131, 117, 118, 119, 132, 133, 120, 134, 121, 122, 135, 123, 124, 136, 125, 126, 137, 138, 139, 140, 141, 142, 158, 143, 159, 144, 145, 160, 146, 161, 147, 148, 149, 162, 150, 163, 151, 152, 164, 153, 165, 154, 166, 156, 155, 167, 157, 168, 169, 170, 171, 172, 173, 174, 175, 176, 177, 178, 179, 180, 181, 182, 183, 184, 185, 186]
[0, 1, 2, 3, 4, 5, 6, 7, 8, 9, 10, 11, 12, 13, 14, 15, 16, 17, 18, 19, 32, 20, 33, 21, 34, 22, 35, 23, 36, 24, 37, 25, 26, 38, 27, 39, 28, 29, 40, 30, 41, 31, 42, 43, 44, 45, 46, 47, 48, 64, 49, 50, 65, 51, 66, 52, 67, 53, 54, 68, 69, 55, 56, 70, 57, 58, 59, 60, 71, 61, 72, 73, 62, 63, 74, 75, 76, 77, 78, 79, 96, 80, 81, 97, 82, 98, 83, 84, 99, 85, 86, 100, 87, 88, 101, 89, 102, 90, 103, 91, 104, 93, 92, 105, 94, 95, 106, 107, 108, 109, 110, 111, 127, 112, 128, 113, 129, 114, 115, 130, 116, 131, 117, 118, 119, 132, 133, 120, 134, 121, 122, 135, 123, 124, 136, 125, 126, 137, 138, 139, 140, 141, 142, 158, 143, 159, 144, 145, 160, 146, 161, 147, 148, 149, 162, 150, 163, 151, 152, 164, 153, 165, 154, 166, 156, 155, 167, 157, 168, 169, 170, 171, 172, 173, 174, 175, 176, 177, 178, 179, 180, 181, 182, 183, 184, 185, 186, 187]